00010000000000010000000001100100
00000000000000000000000000000000
00000000000000000000000000000000
00000000000000000000000000000000
01000100001000100000000000000001
00000000000000000000000000000000
00000000000000000000000000000000
00000000000000000000000000000000
00000100001000100001100000000000
01001000001001000000000000000001
01010100001001000000000000000111
00001100010000000000000011001000
01001100011001010000000000000001
01010000100001100000000000000001
01011000000000000000000000010101
00000000000000000000000000000000
00000000000000000000000000000000
01010000011001010000000000000001
01001100100001100000000000000001
00000000000000000000000000000000
00000000000000000000000000000000
00001100101000000000000011001001
00001100110000000000000011001010
